genes	logFC	logCPM	F	PValue	FDR
GmISU01.02G194300.v2.1	-3.73158514623643	11.4347637067225	117.193786609687	4.12975577205028e-09	3.64037971306232e-05
GmISU01.20G150100.v2.1	-3.57046156187373	5.24879755522398	87.3621289720408	3.65849282932068e-08	0.000116010990818457
GmISU01.04G034900.v2.1	-2.79554037184571	5.35657689066479	79.7744487183646	7.04925714687742e-08	0.000116010990818457
GmISU01.11G086200.v2.1	-2.03342141509733	7.17761983815303	79.5813914770452	7.17268482465894e-08	0.000116010990818457
GmISU01.18G107600.v2.1	-2.98305347613511	5.30691462182789	78.4783265521049	7.92588690125908e-08	0.000116010990818457
GmISU01.19G183000.v2.1	-3.86835776786522	6.97384316381173	78.26857803132	8.07888156980888e-08	0.000116010990818457
GmISU01.09G138900.v2.1	-2.6644708842223	6.07045390585783	76.1662104273973	9.8087610038511e-08	0.000116010990818457
GmISU01.07G072700.v2.1	-2.40122659901889	6.67845125037597	75.1122094851155	1.0828913771415e-07	0.000116010990818457
GmISU01.07G119300.v2.1	-3.63038222020019	7.16384032058131	74.1676282405321	1.18445708152707e-07	0.000116010990818457
GmISU01.18G115400.v2.1	-4.36654152982184	5.20646125193035	69.373545322494	1.89512381896174e-07	0.000167055164641477
GmISU01.04G054600.v2.1	-2.8257117133733	5.96091768049594	67.0271210997593	2.40858285494829e-07	0.000183107858987293
GmISU01.08G283400.v2.1	2.38600381091378	6.70786577327016	65.6453111901869	2.78270552908503e-07	0.000183107858987293
GmISU01.15G048000.v2.1	-2.55296265271932	6.1753433467611	65.1174218872867	2.94241157715721e-07	0.000183107858987293
GmISU01.14G032100.v2.1	-2.43454270835057	8.5328728448721	64.6330484231002	3.09799730061368e-07	0.000183107858987293
GmISU01.04G021800.v2.1	-3.80669035362268	5.97132147900768	64.1048955630455	3.27819754708297e-07	0.000183107858987293
GmISU01.07G046100.v2.1	-2.32055973770258	6.48278774121188	63.9770166035973	3.32356862597469e-07	0.000183107858987293
GmISU01.09G148300.v2.1	-5.14689878600419	3.99777193514181	57.437165529986	6.92428333362066e-07	0.000359044456387448
GmISU01.15G068600.v2.1	-2.08002677503945	6.57846300497443	56.6573969612868	7.59043898997676e-07	0.000360685896068408
GmISU01.12G162000.v2.1	-2.57353899303884	9.74760796565283	56.4556008376854	7.77428477061799e-07	0.000360685896068408
GmISU01.06G151950.v2.1	2.32024574109071	6.19037279714432	54.6380400904584	9.67394431882718e-07	0.000426379095852308
GmISU01.03G121800.v2.1	-3.02914609941488	4.71656557040449	53.538659321671	1.10720387493854e-06	0.00044371894498428
GmISU01.13G103800.v2.1	1.96282613334749	6.20107028903104	53.537157111822	1.1074097322353e-06	0.00044371894498428
GmISU01.11G089200.v2.1	-3.20891914778738	6.97648001952574	53.1596928490815	1.16051682907954e-06	0.000444780689058095
GmISU01.13G205600.v2.1	-1.57361494921502	7.31367993847507	51.7843129242137	1.37952720982908e-06	0.000472127251925179
GmISU01.01G097800.v2.1	2.80404722600056	5.11818999875812	51.52387689693	1.42599765196805e-06	0.000472127251925179
GmISU01.15G036300.v2.1	-3.16105823252641	5.17938147905187	51.2180269881267	1.48281722930018e-06	0.000472127251925179
GmISU01.05G144200.v2.1	2.12082081651114	5.60381372768336	51.1586951841239	1.49412995223928e-06	0.000472127251925179
GmISU01.08G038800.v2.1	2.1459660842099	5.86898209182167	51.1298385241862	1.49966682403914e-06	0.000472127251925179
GmISU01.10G119900.v2.1	-2.00005504184902	6.8317392647805	50.2889968418788	1.67151433269449e-06	0.000504284247186104
GmISU01.07G193500.v2.1	2.85274061367376	5.06202777897431	50.0860044771103	1.71622545837585e-06	0.000504284247186104
GmISU01.08G252100.v2.1	-2.31728022187064	5.36106638600071	49.0169748263143	1.97486893182835e-06	0.000561563536582803
GmISU01.08G284800.v2.1	-2.70429735788521	4.97787835758462	47.533121842489	2.40905892065731e-06	0.00066362044954982
GmISU01.18G070300.v2.1	-2.00382390806744	13.0030169469495	46.299485425128	2.85205467485332e-06	0.000749744842593495
GmISU01.10G041500.v2.1	-2.24410098373707	6.77966677579709	45.9656001568077	2.98710317001461e-06	0.000749744842593495
GmISU01.18G190300.v2.1	-1.93525866169741	7.17304999571231	45.6491203710931	3.12173364371396e-06	0.000749744842593495
GmISU01.20G076200.v2.1	-2.25192348951128	6.35754540076874	45.606290865351	3.14046836740611e-06	0.000749744842593495
GmISU01.06G214101.v2.1	-2.81407480607032	4.55206344740775	45.5914893121036	3.14697211298461e-06	0.000749744842593495
GmISU01.03G152600.v2.1	-1.717497623158	8.02137299046151	45.0031354918429	3.41808989725217e-06	0.000792906906428365
GmISU01.16G076700.v2.1	1.90798630543698	5.72207798297684	44.5779026403733	3.63028437607072e-06	0.000817469255547321
GmISU01.15G202400.v2.1	1.89939096187861	5.88491319132913	44.4263268322629	3.7094464233571e-06	0.000817469255547321
GmISU01.06G182200.v2.1	1.6572827762017	6.81046545013205	44.2218112594025	3.819329420549e-06	0.000821155825418034
GmISU01.11G033700.v2.1	-1.70297198467651	6.89632628260135	43.7560393170155	4.08340841820241e-06	0.000836313869790645
GmISU01.01G008300.v2.1	2.24870756111332	5.16431961489208	43.7008854374479	4.11600702847215e-06	0.000836313869790645
GmISU01.03G160100.v2.1	-3.24832992638697	6.70426047096523	43.6032095015126	4.17445380269862e-06	0.000836313869790645
GmISU01.05G011100.v2.1	1.8958729600339	6.94636696588939	43.1627676844536	4.44977440898896e-06	0.000871661364783059
GmISU01.04G060800.v2.1	-2.71419742551379	6.42661507838086	42.8653927957159	4.64711997689743e-06	0.000889107827033146
GmISU01.02G188500.v2.1	-1.95894142907025	5.53361781681451	42.7294670788215	4.74056357011433e-06	0.000889107827033146
GmISU01.02G066300.v2.1	-2.30683707448301	4.82817560825617	42.2675898021954	5.07411882888163e-06	0.000918604271168029
GmISU01.05G159200.v2.1	-1.83944229049477	6.77512157860988	42.2248954833795	5.10625176259029e-06	0.000918604271168029
GmISU01.09G181700.v2.1	-4.28301625234907	4.39655371457458	41.7520881044327	5.47771216713792e-06	0.000965720655066415
GmISU01.13G169800.v2.1	1.92820946966099	7.63655921456485	41.3646014315681	5.80471287481263e-06	0.000996429378174793
GmISU01.06G018400.v2.1	1.77023405448706	6.1209783343628	41.187541212577	5.96134642694799e-06	0.000996429378174793
GmISU01.04G031600.v2.1	-2.06205848305261	5.31247604831455	41.1545941166682	5.99101044166353e-06	0.000996429378174793
GmISU01.08G189000.v2.1	2.16275608806119	8.42903094553395	40.8204732759769	6.30133264681824e-06	0.00102863420892042
GmISU01.04G143400.v2.1	1.86544355661587	7.35194429046875	40.6095542026247	6.50645574199458e-06	0.00104280740664877
GmISU01.05G180500.v2.1	-1.83658884667332	5.09600111109537	39.6794745355624	7.50448476612827e-06	0.00118128630738251
GmISU01.08G092600.v2.1	-1.98270245471972	5.41328093220955	39.3615944844992	7.88392193617283e-06	0.00120335749584127
GmISU01.09G023400.v2.1	1.75300068658017	7.43977526920309	39.3341088528225	7.91772373894426e-06	0.00120335749584127
GmISU01.16G039200.v2.1	-3.06216459610498	3.81261202396598	38.9364529922078	8.42532013233427e-06	0.00124440975214763
GmISU01.08G119500.v2.1	-1.92435928110771	5.41951388536577	38.8051691056574	8.60080183075628e-06	0.00124440975214763
GmISU01.12G088700.v2.1	2.06008625332649	5.91718871393343	38.7171195839027	8.72078021178711e-06	0.00124440975214763
GmISU01.07G015800.v2.1	-1.95916506356326	6.02115515908054	38.5557523503339	8.94554668245792e-06	0.00124440975214763
GmISU01.11G103900.v2.1	2.60561010602173	5.23183322728952	38.4421869907375	9.10760937597695e-06	0.00124440975214763
GmISU01.20G085000.v2.1	-2.10229910639197	5.6815137339886	38.3594010718953	9.2278153364925e-06	0.00124440975214763
GmISU01.17G087800.v2.1	2.14390498318684	5.47716379957511	38.3135915619825	9.2950921231936e-06	0.00124440975214763
GmISU01.08G194000.v2.1	-2.22122337938342	4.77504356854575	38.2986245656505	9.31719156457671e-06	0.00124440975214763
GmISU01.04G016100.v2.1	1.91062505685457	6.63293222327183	38.0303884357077	9.72337498586173e-06	0.00125193792024791
GmISU01.04G057000.v2.1	1.49621649153109	6.83089765998502	38.0260015223774	9.73018034611344e-06	0.00125193792024791
GmISU01.08G223600.v2.1	-2.50372188867357	5.50451438073063	37.8545402478513	1.00003800168438e-05	0.00125193792024791
GmISU01.03G120800.v2.1	-2.01253991661503	5.95697598209124	37.8327295329962	1.00353476119593e-05	0.00125193792024791
GmISU01.01G016300.v2.1	-1.44612874262553	9.09185837768792	37.8027252994288	1.00836746837892e-05	0.00125193792024791
GmISU01.10G110700.v2.1	-1.49356461783017	9.62426187595351	37.4651207202746	1.06457445838018e-05	0.0013033644236974
GmISU01.09G119500.v2.1	1.80748706187826	6.03892870346029	37.1179671408061	1.12604695365749e-05	0.00135974025979325
GmISU01.14G037700.v2.1	1.43123454289334	8.46308752838862	36.7761280415996	1.19047769622408e-05	0.00141811633678585
GmISU01.03G094200.v2.1	-2.12302413704208	6.55674276874749	36.5715599909576	1.2309995710173e-05	0.00144683482913566
GmISU01.06G136300.v2.1	-1.89758544367276	5.72491249462466	36.4543689040421	1.25490615950049e-05	0.00144876927331524
GmISU01.19G000500.v2.1	2.80326267157259	4.80215078755638	36.403155607567	1.26551598463157e-05	0.00144876927331524
GmISU01.10G052300.v2.1	-1.50859352487145	7.56355478757519	36.1776397418189	1.31344351607802e-05	0.00148435956336253
GmISU01.17G152650.v2.1	2.65978635839037	7.92243727839683	36.0582095779164	1.33964418470434e-05	0.00149480550483149
GmISU01.05G054600.v2.1	2.0777428493406	5.71138481333687	35.422162831914	1.48939772362252e-05	0.00164113011671656
GmISU01.08G232300.v2.1	-1.9108476148102	5.21905618346233	34.9741850968356	1.6060919668917e-05	0.0017478642824877
GmISU01.05G029600.v2.1	-2.41005474596365	4.93095147422691	34.7966175837375	1.65514522725939e-05	0.00177928111930384
GmISU01.03G004800.v2.1	3.26815693533297	4.36855028483263	34.3250594965472	1.79373926958106e-05	0.00190503754956109
GmISU01.07G175000.v2.1	-1.22631366206622	7.83941564538725	34.1834908496196	1.83784265484971e-05	0.00191992763619182
GmISU01.04G036400.v2.1	1.81262775089743	5.54686856472916	34.0853865111117	1.86911594874373e-05	0.00191992763619182
GmISU01.04G051100.v2.1	-1.79048296199682	9.3245920699973	34.073019947313	1.87310013287006e-05	0.00191992763619182
GmISU01.05G151400.v2.1	-1.43867206421064	6.1878122487349	33.6466563296581	2.0164420693248e-05	0.00204309618863197
GmISU01.15G091600.v2.1	-3.7354103530617	6.72030619586802	33.2417171811465	2.16401252586086e-05	0.00215104898707814
GmISU01.13G235800.v2.1	-2.96645486750966	3.9956470600238	33.2212358983217	2.17179080941525e-05	0.00215104898707814
GmISU01.07G019600.v2.1	-2.59223019857824	4.26990469190441	33.1527279842289	2.19803628716373e-05	0.00215285443014981
GmISU01.18G069700.v2.1	1.46982396379274	7.33246007377168	33.0804989704032	2.22609172798309e-05	0.00215637347056823
GmISU01.12G009700.v2.1	1.68645781713036	5.4786521650247	32.9744722387183	2.26800257398018e-05	0.00217309159669949
GmISU01.03G124400.v2.1	-1.88781243964632	4.85364375029438	32.7564594121647	2.35697894222904e-05	0.00223406122319881
GmISU01.08G159500.v2.1	2.03058221642548	5.54972135509253	32.6481484613822	2.40262837056236e-05	0.00225310309430928
GmISU01.02G093200.v2.1	1.63054991399384	6.16827845966297	32.1428623282183	2.62906371497109e-05	0.00243949438394423
GmISU01.07G154400.v2.1	3.07977485504615	4.59973891749951	31.8630822196685	2.764637496803e-05	0.00253857078482484
GmISU01.17G038400.v2.1	-1.92599642302818	5.67445310643805	31.7902778783808	2.80118523611473e-05	0.00254561318106715
GmISU01.13G131200.v2.1	-1.36704585077498	6.15755155207909	31.6785805420212	2.85831141473736e-05	0.00257102195111325
GmISU01.20G088400.v2.1	1.67914524114807	5.68062664384538	31.5738049029962	2.91308304912219e-05	0.00259382091697092
GmISU01.03G129600.v2.1	-2.55168839758584	4.98736258074987	31.2293080961073	3.1016064507717e-05	0.00273406608635526
GmISU01.10G001100.v2.1	-1.27007837384072	6.44095092613837	30.9117599449311	3.28752428304563e-05	0.00286025979599318
GmISU01.15G066200.v2.1	2.21460315385135	4.83659396289662	30.8540214466312	3.32264981599283e-05	0.00286025979599318
GmISU01.13G079300.v2.1	-2.79263723487038	5.03526587327216	30.8223305068922	3.34210730558477e-05	0.00286025979599318
GmISU01.14G101700.v2.1	1.87749492409174	5.96572022579596	30.6578422618592	3.44516698057784e-05	0.00292011028209554
GmISU01.13G169100.v2.1	-2.94329157866515	5.48333380023168	30.5854541725213	3.49164299775335e-05	0.00293131743097103
GmISU01.18G160600.v2.1	-1.45924209041967	6.61700458180459	30.4341209691211	3.59108566846754e-05	0.00298636039316428
GmISU01.13G236300.v2.1	1.3106460892681	7.50393222031315	30.2280675941351	3.73161259765839e-05	0.00307422103255689
GmISU01.02G024100.v2.1	-1.2334833141056	6.45077171384989	30.1604624717102	3.7790494717488e-05	0.00308447417532089
GmISU01.13G312100.v2.1	1.87619147839907	5.98515879349952	29.8849464427587	3.97946585672035e-05	0.00316947806737105
GmISU01.18G192300.v2.1	1.50632795188737	6.76646721550985	29.8764173650383	3.9858568754072e-05	0.00316947806737105
GmISU01.12G068800.v2.1	1.87893078110584	6.20434221363413	29.8694829489857	3.99106143480643e-05	0.00316947806737105
GmISU01.05G028100.v2.1	-1.71721554865734	5.31571112464319	29.7839497248371	4.05588606828277e-05	0.00319219961534934
GmISU01.07G025800.v2.1	-4.10090114711604	3.27062157140097	29.5151031766822	4.2674293218848e-05	0.00331199176973876
GmISU01.13G163000.v2.1	-1.95237352568263	4.64712445776855	29.4676771839499	4.30601168874413e-05	0.00331199176973876
GmISU01.13G021700.v2.1	-1.94754744865109	5.20302853403051	29.4496175676152	4.32080605241019e-05	0.00331199176973876
GmISU01.13G107700.v2.1	-5.94663413619686	3.14326555790183	35.3706773792213	4.49614158088763e-05	0.00336751054085003
GmISU01.04G014000.v2.1	-1.90334987930231	5.36340771520821	29.2290742504325	4.50613240406077e-05	0.00336751054085003
GmISU01.09G191100.v2.1	-1.42531158082364	5.86379614102387	29.2270876267734	4.50784167691779e-05	0.00336751054085003
GmISU01.11G101100.v2.1	-1.88570107163082	6.17564381268403	29.1177576401416	4.60303497521138e-05	0.00340972716861247
GmISU01.15G090200.v2.1	1.64783916180953	6.18340501849015	29.0171939554675	4.69258268006135e-05	0.00344709302706173
GmISU01.14G007000.v2.1	-4.01592129314705	4.20068082295014	28.9141399846501	4.7863727875469e-05	0.00348693191092776
GmISU01.09G142800.v2.1	-1.50143153875066	5.44068850373265	28.7386570614173	4.95094158153452e-05	0.00357725820010056
GmISU01.12G171500.v2.1	1.41848562626191	5.76055131673933	28.5613224511258	5.12369835099032e-05	0.00364419171069021
GmISU01.16G023600.v2.1	-3.50435258196616	3.82454257934717	28.5587439732635	5.12625946824261e-05	0.00364419171069021
GmISU01.07G012650.v2.1	-2.27887603419849	8.30524985759919	28.408115566311	5.27838672726818e-05	0.00372231832006952
GmISU01.08G286800.v2.1	2.67745094937797	5.68361866825712	28.332000785008	5.35717313008061e-05	0.00374789532870322
GmISU01.11G023000.v2.1	-3.22766088898706	3.46274251247334	28.290608095223	5.40056987691518e-05	0.00374850578464624
GmISU01.15G067300.v2.1	1.74993665797353	5.02358104305633	28.0951026854081	5.61092317843469e-05	0.00386408498577358
GmISU01.11G034900.v2.1	-1.80990422114066	4.84244489485217	28.0494037605883	5.66140323023155e-05	0.00386862554065823
GmISU01.07G008200.v2.1	-1.72445925481129	4.90240732227197	27.5000013386485	6.30974265810755e-05	0.0042524950124913
GmISU01.14G123600.v2.1	2.7011357642667	5.51094671342232	27.4140925601103	6.41843699886347e-05	0.0042524950124913
GmISU01.10G049700.v2.1	-1.33613950258615	5.61792216845301	27.4038306663591	6.4315600018368e-05	0.0042524950124913
GmISU01.08G061900.v2.1	-1.49931617427361	5.61556185801647	27.3702634900988	6.4746959677611e-05	0.0042524950124913
GmISU01.13G104450.v2.1	-1.69415410888493	5.5949389473812	27.356763591921	6.49213530428891e-05	0.0042524950124913
GmISU01.02G051600.v2.1	-3.51985692162798	3.44184171150827	27.3170727035703	6.54371335843406e-05	0.0042524950124913
GmISU01.13G074300.v2.1	-1.50345585989602	7.28309330570557	27.3039594604222	6.56085447190944e-05	0.0042524950124913
GmISU01.05G143200.v2.1	-2.12472740416911	4.16285801761613	27.1879507647112	6.71470183554479e-05	0.0043005369214427
GmISU01.08G021900.v2.1	1.60166908733838	6.33139093529195	27.1611904227064	6.75076038668083e-05	0.0043005369214427
GmISU01.15G115500.v2.1	1.67815815494577	5.58168379861289	27.1386251864873	6.78133445355117e-05	0.0043005369214427
GmISU01.04G158500.v2.1	1.64354778636579	5.66615219654077	27.0341069851667	6.92498182031447e-05	0.00436026533900515
GmISU01.07G150700.v2.1	1.77829203736321	5.30100146650382	26.9943145121757	6.98056310163779e-05	0.00436243691596
GmISU01.17G011500.v2.1	2.64453519160916	4.43051674182834	26.9371548210084	7.06127727454521e-05	0.00436243691596
GmISU01.17G039400.v2.1	2.17981135780893	4.95314494186303	26.8890148333335	7.13006469681241e-05	0.00436243691596
GmISU01.11G104200.v2.1	-1.36231735285955	6.34109148578907	26.8863863301356	7.13384208546566e-05	0.00436243691596
GmISU01.11G098800.v2.1	4.21755849399969	3.57154573117842	26.8572424211417	7.17587467741577e-05	0.00436243691596
GmISU01.08G043900.v2.1	2.20296532446653	4.46231607472385	26.7486877545186	7.33489083320603e-05	0.00441201519164784
GmISU01.09G151600.v2.1	-1.09494146664081	6.82914726127647	26.6855970685352	7.42911694337381e-05	0.00441201519164784
GmISU01.08G114300.v2.1	1.17296886186647	8.09786953636562	26.6824598711213	7.43383754852946e-05	0.00441201519164784
GmISU01.15G013600.v2.1	1.55384829728356	6.12642783700194	26.6494725183752	7.48367781369779e-05	0.00441201519164784
GmISU01.04G009000.v2.1	-1.5405137148384	5.8261053638635	26.6129888493049	7.53923613545041e-05	0.00441201519164784
GmISU01.02G031100.v2.1	1.14197836454527	7.4238791305434	26.6009081345477	7.55773447463214e-05	0.00441201519164784
GmISU01.01G030500.v2.1	-1.75388618464733	6.56608245711023	26.53371018472	7.66156052826644e-05	0.00444320105635978
GmISU01.04G155600.v2.1	-2.06526650134372	8.76536412788916	26.3604439832586	7.93670455413106e-05	0.00457268304867093
GmISU01.14G071500.v2.1	-1.47962315947626	7.46166244268875	26.3146931273659	8.01118757759378e-05	0.00457967592227872
GmISU01.10G067000.v2.1	-1.44636718351218	8.67220437937099	26.2450115644851	8.12613626923675e-05	0.00457967592227872
GmISU01.19G168700.v2.1	-1.43196852151774	6.10508044539855	26.2347537559749	8.14321302130988e-05	0.00457967592227872
GmISU01.13G294000.v2.1	2.19151589174675	4.35062388705599	26.2266963399949	8.15665479067224e-05	0.00457967592227872
GmISU01.15G017100.v2.1	-1.42996511902608	7.85324624844417	26.1560517349332	8.27557550791319e-05	0.00461703785457309
GmISU01.18G164000.v2.1	2.33312078082576	4.5449094792336	26.1236049268005	8.33084395285639e-05	0.00461864084556158
GmISU01.12G046000.v2.1	-3.10270545295247	3.84257120004146	25.7345749836039	9.02665651232237e-05	0.0049731235722576
GmISU01.19G113200.v2.1	5.75410346206051	3.39089674115538	28.7830472835797	9.41363152089127e-05	0.00512543840065394
GmISU01.10G005800.v2.1	-2.91655500038443	3.93631334770934	25.5295157588059	9.41941033358977e-05	0.00512543840065394
GmISU01.06G015200.v2.1	-1.97188920143254	4.35636025425695	25.495245091182	9.48689505361393e-05	0.00513048956427035
GmISU01.12G010600.v2.1	1.93065348509047	4.70325166994735	25.4341074813973	9.60863191861619e-05	0.00513659041841312
GmISU01.19G133400.v2.1	2.19456356535276	4.45596220961046	25.4306254818735	9.61561764416489e-05	0.00513659041841312
GmISU01.14G070000.v2.1	2.54917831679994	4.60009557051868	25.4021354153631	9.67298933019373e-05	0.00513659041841312
GmISU01.11G008700.v2.1	-1.20589657142764	7.44836148603121	25.097296348214	0.000103114127950673	0.00544282058613879
GmISU01.04G155300.v2.1	1.91527228917512	5.02948538029189	24.9805045560279	0.000105683829943418	0.00554525571994779
GmISU01.16G015900.v2.1	1.05075606463558	6.98454913722382	24.876592098344	0.000108030460020921	0.00559608110287545
GmISU01.19G170800.v2.1	4.3155939083225	3.63649456123727	24.8712348700802	0.000108153010806373	0.00559608110287545
GmISU01.17G154200.v2.1	-1.4359656806238	6.05576670733153	24.8466183110708	0.000108718135694776	0.00559608110287545
GmISU01.02G028500.v2.1	1.5407061891572	5.24513845029998	24.8260945518905	0.00010919182639757	0.00559608110287545
GmISU01.20G063700.v2.1	2.21136840196569	4.46881535076296	24.7394565617579	0.000111217034850565	0.00565018063116404
GmISU01.15G136900.v2.1	1.74061793622769	5.45652705882217	24.7262518913713	0.000111529373774537	0.00565018063116404
GmISU01.02G033900.v2.1	-1.27379762548125	5.88253750287527	24.6923827956372	0.000112334996047017	0.00565847422945401
GmISU01.11G030500.v2.1	1.83475653701943	5.46538200105819	24.6212085309044	0.000114049265094051	0.00571218336252306
GmISU01.08G210000.v2.1	2.1094291029243	4.67086346903153	24.3566499273171	0.000120682653536652	0.00601026887528578
GmISU01.11G030400.v2.1	-3.65144699356718	3.55479763072242	24.2887068639996	0.000122455100261731	0.00605885174866093
GmISU01.08G160700.v2.1	1.59121109089969	6.74700908102717	24.2638760209819	0.000123110116414644	0.00605885174866093
GmISU01.06G218100.v2.1	2.6426782102542	4.55667936434779	24.2408820966351	0.000123720171838794	0.00605885174866093
GmISU01.18G104600.v2.1	2.3173997016625	4.31141225597649	24.1313928117324	0.00012667180766606	0.0061691269866095
GmISU01.13G246100.v2.1	-1.38022492995805	5.29492136801612	23.8963515480089	0.000133277850340834	0.0064298771241115
GmISU01.17G130000.v2.1	1.18557348031268	6.38824064495296	23.8892040448615	0.000133484686751265	0.0064298771241115
GmISU01.05G034200.v2.1	-1.36430768746273	5.83921797997339	23.7480481706112	0.000137643946995053	0.00659419235196407
GmISU01.01G109300.v2.1	2.48119531175808	3.98614065067668	23.7156988290251	0.000138617432228987	0.00660493332485685
GmISU01.07G141200.v2.1	2.13707767095962	5.73023632097448	23.6522856890182	0.00014054813876332	0.00666092388816487
GmISU01.15G025000.v2.1	2.84274157023089	5.82133246325097	23.6237905327042	0.000141425494390188	0.00666666167406154
GmISU01.16G032300.v2.1	2.56619479600004	4.7190002355191	23.5250381251829	0.000144513778035684	0.00677600507119445
GmISU01.09G156050.v2.1	-3.8300378546941	3.65626752917391	23.4614659821371	0.000146541749246411	0.00683473819897946
GmISU01.12G077700.v2.1	-1.37366169779976	5.89295478161545	23.3317950273288	0.000150777725251573	0.00698699470790236
GmISU01.13G186900.v2.1	-1.34942413640912	5.64810831201045	23.3113316656413	0.000151458633350378	0.00698699470790236
GmISU01.02G124100.v2.1	1.73430600923295	5.2107524541298	23.2896416055742	0.00015218411615624	0.00698699470790236
GmISU01.01G052700.v2.1	-1.43774459838175	8.30243757935361	23.1635319111938	0.000156479968636042	0.00713461674322986
GmISU01.16G147900.v2.1	-1.8226914328062	4.80488393958228	23.1252122033221	0.000157812047333424	0.00713461674322986
GmISU01.20G106800.v2.1	3.5258206453794	3.65410643002512	23.1247670355751	0.000157827596702192	0.00713461674322986
GmISU01.05G012800.v2.1	-4.28058151083909	2.94180657223596	22.9656936052272	0.000163495226385267	0.00735311439074555
GmISU01.08G011100.v2.1	1.78661870320677	5.05017446588751	22.929772834425	0.000164806329940819	0.00737445582958537
GmISU01.06G074800.v2.1	-4.42185785035133	3.02039338821086	22.8470166714642	0.000167871911158579	0.00747369139829735
GmISU01.13G046300.v2.1	1.8240042014484	4.70375842948691	22.7987995708721	0.0001696874206334	0.00751349687492156
GmISU01.11G123800.v2.1	-1.42228575599021	5.28619920680675	22.77346267773	0.000170650220758661	0.00751349687492156
GmISU01.11G070900.v2.1	2.51082298390483	4.58299137236532	22.7558507858594	0.000171323071112789	0.00751349687492156
GmISU01.20G099300.v2.1	-3.76973333374393	3.3590548814238	22.6694608790828	0.000174666810486993	0.00760799512636105
GmISU01.17G143600.v2.1	-2.22087998359128	5.51450097393953	22.6557551822262	0.000175203971713136	0.00760799512636105
GmISU01.05G170900.v2.1	-1.28008079778668	5.60372032588919	22.588390140871	0.000177871184138058	0.00768150874248888
GmISU01.07G097200.v2.1	7.88834250670664	5.06605971326633	25.1870631672119	0.000178639738197416	0.00768150874248888
GmISU01.17G136400.v2.1	-1.06121145358936	9.32042330521104	22.3672582070243	0.000186951008399209	0.00798420129647726
GmISU01.07G059300.v2.1	2.76243732866195	4.51568909027643	22.3428666726883	0.000187983895677899	0.00798420129647726
GmISU01.07G068600.v2.1	1.84093116792597	4.98147572184717	22.3331683391684	0.000188396355038828	0.00798420129647726
GmISU01.11G011300.v2.1	-1.80632810079154	5.64738992743444	22.2290221603796	0.000192889964476494	0.00811795720863999
GmISU01.08G296900.v2.1	2.13895309994773	4.78402786055842	22.2175024222608	0.000193394329417402	0.00811795720863999
GmISU01.18G167700.v2.1	1.7343802917892	5.29953251523257	22.1879088681081	0.000194696790830234	0.0081338967353958
GmISU01.19G137800.v2.1	-1.98728024829127	4.39470600147676	22.1483215977491	0.000196454461397887	0.00816861357180366
GmISU01.15G085700.v2.1	-1.48633011510847	6.56132970506822	21.9766876305608	0.000204283099875354	0.00845425129296358
GmISU01.13G102300.v2.1	-1.374002625632	6.12143411159548	21.8882488607746	0.000208452815853881	0.00858650267173812
GmISU01.07G011500.v2.1	-2.03685514174057	4.56612433654284	21.8609304136743	0.000209760010638493	0.00860016043617823
GmISU01.08G220000.v2.1	-2.51355222102452	3.58433572545017	21.8166744242611	0.000211897178679273	0.00862512773500478
GmISU01.19G166300.v2.1	1.41264609521294	7.94255956857022	21.8005553508239	0.00021268162881831	0.00862512773500478
GmISU01.13G260100.v2.1	-1.39327789779966	8.49778493378095	21.7878068058041	0.000213304350111292	0.00862512773500478
GmISU01.05G183100.v2.1	1.03756203086596	7.40063091188307	21.6763287026248	0.000218837414169088	0.00880845573470551
GmISU01.10G035700.v2.1	1.01133959346664	8.06517510413369	21.6089339107787	0.00022226025505308	0.00890556431042228
GmISU01.18G032200.v2.1	-1.10377400421862	7.16376629851312	21.5424017699947	0.000225698138443422	0.00900239407411204
GmISU01.03G108300.v2.1	-3.03698198890416	3.81042090054278	21.4731486021913	0.000229339949736898	0.00910644890509349
GmISU01.02G118600.v2.1	-1.20250315097728	6.42840932023103	21.3897321352904	0.000233814140372564	0.00924247375508588
GmISU01.17G019700.v2.1	1.48545876245538	5.33347945630208	21.1774146502534	0.000245649352128968	0.00966695999561096
GmISU01.02G074900.v2.1	2.11138507955956	4.58943694633762	21.0636694760935	0.00025226459191406	0.00987956041814573
GmISU01.10G020600.v2.1	1.18968477508393	6.52998623348146	21.0462811837883	0.00025329332439035	0.00987956041814573
GmISU01.11G076800.v2.1	1.6120517834401	5.53659015036967	21.0247150460668	0.000254575755100791	0.00988583824323115
GmISU01.01G136500.v2.1	-2.04248346021637	4.39374676175119	20.992864985132	0.000256483028418662	0.00989919658025976
GmISU01.17G057300.v2.1	-1.10868426841004	6.80391964483038	20.9815285267628	0.000257165742130401	0.00989919658025976
GmISU01.13G071200.v2.1	-1.21951012767395	5.28271570759849	20.9226503153387	0.0002607444221529	0.00999331339686007
GmISU01.18G017900.v2.1	-1.14495069415434	5.81055088787486	20.8292344922086	0.000266537252243508	0.010171107699249
GmISU01.08G299900.v2.1	1.97507964227171	4.66312092730506	20.7203951496272	0.000273468904072396	0.0103786021459513
GmISU01.01G158700.v2.1	1.27684144496579	6.88882607225156	20.7070984346278	0.000274329472490829	0.0103786021459513
GmISU01.09G172500.v2.1	-1.33075119665952	6.38209758106067	20.6673943620057	0.000276917222398584	0.01043173211728
GmISU01.01G005400.v2.1	1.24900739334194	6.78978105267205	20.6335243720165	0.000279146332029109	0.0104460271315578
GmISU01.17G188900.v2.1	-1.39307750135314	5.70268812566655	20.6256605004877	0.000279666750203929	0.0104460271315578
GmISU01.19G001600.v2.1	1.14532726170584	6.42935301336628	20.5792792213164	0.000282758361652871	0.0105169407509285
GmISU01.17G192250.v2.1	-1.94011071607897	4.05408184878019	20.5107530664929	0.000287396310796885	0.010644531427204
GmISU01.09G164500.v2.1	-1.27668687294734	6.332920652912	20.3609363589988	0.000297835612779783	0.0109850247977146
GmISU01.04G135100.v2.1	-1.1058292291728	6.97068272117611	20.3266978464221	0.000300280515322342	0.0110290530940269
GmISU01.07G045100.v2.1	1.28589561705725	6.78093892723328	20.255331639139	0.00030544916694737	0.01117234193627
GmISU01.03G160600.v2.1	1.16848223604947	7.08098151258935	20.1040332631437	0.000316739456951278	0.0114536249615679
GmISU01.10G025300.v2.1	2.16074810410964	4.20035476066122	20.0878992396592	0.000317970728501226	0.0114536249615679
GmISU01.04G165800.v2.1	-5.30965718159761	2.78122873403869	23.2348134021376	0.00031799539469179	0.0114536249615679
GmISU01.19G024600.v2.1	-1.96099112257225	3.99261792269738	20.0831170361293	0.000318336711921058	0.0114536249615679
GmISU01.14G031700.v2.1	1.28893024281782	5.62360726257407	20.0033380381237	0.000324512288135759	0.0116283569915314
GmISU01.01G121600.v2.1	-1.23688153377293	6.28619939350638	19.9452990410701	0.000329089267765337	0.011744623058103
GmISU01.12G056900.v2.1	-1.61428511537692	5.49955085411584	19.8997238364267	0.000332734011893163	0.011826815785638
GmISU01.05G168600.v2.1	-1.27282928380822	5.20459993048427	19.8256380151511	0.000338755626731282	0.0119924933720331
GmISU01.15G117100.v2.1	-1.56440425448713	6.84511918347511	19.7995024124384	0.000340908926081745	0.0120204487336423
GmISU01.05G146200.v2.1	-1.66296313080927	5.29295375154673	19.6153953154583	0.000356518786202582	0.012456544916539
GmISU01.02G156200.v2.1	-2.30993262613576	4.32577960560693	19.6086883985789	0.000357102358875651	0.012456544916539
GmISU01.08G218300.v2.1	-1.45257491309263	5.43421533361441	19.6039388827449	0.000357516263628401	0.012456544916539
GmISU01.03G121100.v2.1	1.51282333981222	5.23186724796933	19.5797027686478	0.000359636740547923	0.0124810939682281
GmISU01.04G062200.v2.1	-1.21327546587554	5.57439393687672	19.3932942262867	0.00037642476300573	0.0129816102051187
GmISU01.08G150600.v2.1	-1.17862656612993	5.86243508292169	19.3870271889015	0.000377004221498627	0.0129816102051187
GmISU01.16G010400.v2.1	-2.90963852970468	3.9364768311543	19.3248680769814	0.000382805917435984	0.0131300940163354
GmISU01.04G063900.v2.1	1.15587548124121	7.55241795116297	19.275894544826	0.000387447345802319	0.0132255640998151
GmISU01.18G037700.v2.1	-1.31391206416406	8.19988014592542	19.2639383622936	0.000388590028570857	0.0132255640998151
GmISU01.08G025600.v2.1	1.06834844542865	6.36319753468385	19.1714521039165	0.000397557732548447	0.0134787362015945
GmISU01.05G044000.v2.1	0.997159742277865	6.57299641442811	19.1316926045556	0.000401483931194141	0.0135200135845444
GmISU01.09G216000.v2.1	-1.47506377381971	4.81948836219605	19.1209825247161	0.000402548945268124	0.0135200135845444
GmISU01.11G010900.v2.1	-1.65099009701504	4.89336703187031	19.1126825916332	0.000403376468829856	0.0135200135845444
GmISU01.02G008800.v2.1	-1.10109934218047	7.13040443566723	19.0065015768664	0.000414132730791392	0.013827954628508
GmISU01.10G007500.v2.1	2.4393838357237	3.96217056084126	18.943064115132	0.000420712056897124	0.0139946293643326
GmISU01.06G058200.v2.1	-2.21006061938723	4.21363982103159	18.8771704612791	0.000427670292918236	0.0141726076393769
GmISU01.08G161100.v2.1	2.78336993618973	4.00086387853848	18.7646325973174	0.000439854025410929	0.0145217724119751
GmISU01.04G020200.v2.1	-1.41120177539583	5.59832745918147	18.7007559878456	0.000446942121375607	0.0147007268653954
GmISU01.06G135700.v2.1	5.45340129182139	3.19278687488202	20.4789079826779	0.000456538222767091	0.0149605369282227
GmISU01.08G141300.v2.1	-1.09106144196719	9.05892965013737	18.5091392484686	0.000468983984941073	0.015300800438868
GmISU01.04G038500.v2.1	1.36632774008102	5.80661271595534	18.4972323108743	0.000470393297666843	0.015300800438868
GmISU01.20G084900.v2.1	-1.00011088177124	7.26240697189504	18.4822660823647	0.000472171440466562	0.0153021737048263
GmISU01.08G207200.v2.1	1.71356187971039	4.54687794592514	18.4610636325538	0.000474703408484949	0.0153278774571239
GmISU01.03G039200.v2.1	-1.5233123841969	4.46323919623784	18.3566548461888	0.000487395608284158	0.0156427296380226
GmISU01.07G008000.v2.1	-1.07610768241238	6.03259775164362	18.3517310077442	0.000488003477079549	0.0156427296380226
GmISU01.10G050200.v2.1	2.34193702757904	4.05963591782705	18.3157180473964	0.000492475328154214	0.01572887687565
GmISU01.08G086300.v2.1	2.20938920316901	4.66004871987406	18.2863840596449	0.00049615175121313	0.0157890891225406
GmISU01.11G105000.v2.1	-1.18017477822916	6.15318424626025	18.1992876448395	0.000507249881668973	0.0160168170847059
GmISU01.20G092100.v2.1	-1.60012513994705	5.41280527872803	18.1988485609361	0.000507306530969558	0.0160168170847059
GmISU01.17G032000.v2.1	-1.04627965788038	6.18673511360489	18.1804903781308	0.000509681401385522	0.0160168170847059
GmISU01.19G035600.v2.1	1.47473908356711	8.81993142970891	18.1596441367003	0.000512393241589727	0.0160168170847059
GmISU01.08G141150.v2.1	-1.18080536057397	6.53478044353169	18.1341030624704	0.000515737872194043	0.0160168170847059
GmISU01.15G018800.v2.1	-0.978709082440661	6.38714202236517	18.125610580632	0.000516855382025121	0.0160168170847059
GmISU01.08G198600.v2.1	-4.0207644567948	2.81631694012757	18.1219428421065	0.00051733885109597	0.0160168170847059
GmISU01.04G018800.v2.1	-2.76584166947737	3.62357483564899	18.118116442635	0.000517843774151015	0.0160168170847059
GmISU01.15G020500.v2.1	-3.26005925186669	3.65393748447239	17.9359682896877	0.000542530302663259	0.0166930513754447
GmISU01.01G080000.v2.1	2.54036044809308	5.16608121933666	17.9290419953103	0.00054349469594471	0.0166930513754447
GmISU01.11G011000.v2.1	2.29798212224041	4.31074425293062	17.8631301347733	0.00055276872209734	0.016918945435028
GmISU01.08G061800.v2.1	-1.33788147671241	5.13037167909237	17.8495264711545	0.000554704790151582	0.016919455796492
GmISU01.05G028500.v2.1	1.27708495100502	6.36821887515223	17.7289550773724	0.000572200359965823	0.0173425860735154
GmISU01.12G031900.v2.1	-1.58538018895021	6.50485190859702	17.7268455436284	0.000572511916890865	0.0173425860735154
GmISU01.08G002800.v2.1	2.59517732234986	5.4375599465383	17.6853456699701	0.000578679829340503	0.0174693927932758
GmISU01.17G153700.v2.1	-1.16216135592086	6.44923674799195	17.6310036651854	0.000586869233133537	0.0175967766218324
GmISU01.15G065600.v2.1	2.24081868879558	5.09213884800406	17.6308542663248	0.00058689192590116	0.0175967766218324
GmISU01.13G279600.v2.1	1.63256967259454	4.49900362497862	17.5955494150811	0.000592282176741001	0.0176380087815167
GmISU01.08G002500.v2.1	-1.3678313745224	6.29851779493067	17.5918158741984	0.000592855438321007	0.0176380087815167
GmISU01.01G049050.v2.1	2.20568001978885	4.24178864242134	17.5744448982833	0.000595530826729932	0.0176380087815167
GmISU01.02G181500.v2.1	0.98599738160432	6.12409277543974	17.5696561238328	0.000596270744967892	0.0176380087815167
GmISU01.17G030100.v2.1	-1.83701357180678	6.30701292523021	17.4889610810891	0.000608895170882878	0.0179402695403845
GmISU01.09G010200.v2.1	-1.09436631118945	6.34685367158282	17.4766779450582	0.000610842946261208	0.0179402695403845
GmISU01.12G154100.v2.1	1.71691431421573	4.70069017015201	17.4656691969716	0.000612594569671666	0.0179402695403845
GmISU01.04G177800.v2.1	-1.64402127944663	4.74773346682086	17.42472866684	0.00061915823980165	0.0180190567852522
GmISU01.17G195000.v2.1	2.22699024658008	4.69606805351806	17.4233964844844	0.000619373137371686	0.0180190567852522
GmISU01.07G003700.v2.1	1.98829980483435	4.67740904639337	17.3940199437812	0.000624133237125176	0.0180978108067711
GmISU01.06G048300.v2.1	-1.65370943511471	5.05086751032397	17.361006384763	0.000629531635091012	0.018141213867543
GmISU01.09G134400.v2.1	-1.23141138184642	6.95215033349129	17.3518414896646	0.000631039545324574	0.018141213867543
GmISU01.20G124200.v2.1	2.36334958380915	3.91043479255248	17.338527536941	0.000633237317526243	0.018141213867543
GmISU01.04G041800.v2.1	-1.39577136241085	5.92247576964702	17.334752464683	0.000633862038707119	0.018141213867543
GmISU01.02G187200.v2.1	1.6061400567038	5.0254739516812	17.2846878962925	0.000642212641047968	0.0183207263133911
GmISU01.15G042800.v2.1	-3.11846952051951	3.37952101277161	17.2354088792746	0.000650552741271992	0.0184987819816536
GmISU01.08G299000.v2.1	3.03988108973201	3.95534658712045	17.1597817979074	0.000663589069156641	0.0187810304143137
GmISU01.15G044800.v2.1	-1.06518272231856	6.80827454838178	17.1531860863327	0.000664739817273496	0.0187810304143137
GmISU01.11G012800.v2.1	-1.47854309403655	6.67170441084962	17.1243936419243	0.000669789457446279	0.0188386651249282
GmISU01.12G019300.v2.1	-1.05518707664719	8.80239380028077	17.1172215379676	0.000671053981761483	0.0188386651249282
GmISU01.20G113200.v2.1	-1.00396097786679	7.88881394769143	17.0526501456484	0.00068255987039395	0.0191008420873735
GmISU01.16G004100.v2.1	1.09165084718947	5.78425683591339	17.0258286255005	0.000687403991537353	0.0191297450054521
GmISU01.17G080100.v2.1	1.24767462677885	5.55547866355112	17.0229125203366	0.000687932974104177	0.0191297450054521
GmISU01.02G010200.v2.1	-2.30430083422369	4.08446013913017	16.9957871007764	0.00069287544538631	0.0192065945002526
GmISU01.12G062100.v2.1	-1.18412121309092	5.22001428539122	16.9605082826915	0.000699363149765163	0.0193256619598116
GmISU01.15G056400.v2.1	-1.67035914257703	4.27145935101208	16.9340826155373	0.00070426736451058	0.0193621380415681
GmISU01.06G111800.v2.1	-1.77643937543183	4.51807046144907	16.9297443662883	0.000705076155569297	0.0193621380415681
GmISU01.15G016600.v2.1	-1.96002678522399	4.04911910676815	16.9134666472175	0.000708120143444416	0.019385338709511
GmISU01.03G178500.v2.1	0.984340066878565	6.21503403657767	16.865252355195	0.000717223114117766	0.0195737515509229
GmISU01.15G069400.v2.1	3.84577770416334	3.3261468978061	16.8386301838509	0.000722305575487184	0.0196516161972825
GmISU01.15G002900.v2.1	-1.72016790842734	9.19234864716154	16.7481492530064	0.000739883376623857	0.0200679137382748
GmISU01.02G181700.v2.1	1.42385322596409	6.17185054006829	16.6911246438036	0.000751207608036024	0.0203125615485814
GmISU01.11G037000.v2.1	1.32072161383181	5.22417077979566	16.653018211331	0.000758883188862606	0.0204573556875348
GmISU01.11G095000.v2.1	1.60771484670584	5.53187819510029	16.619324865498	0.000765743115244904	0.0205793462222068
GmISU01.18G178100.v2.1	-1.39283672571778	5.07394670449259	16.5880543855466	0.000772171964741954	0.0206890451951378
GmISU01.01G025800.v2.1	-0.944566830628226	7.07117631438139	16.5508532781487	0.000779898982338596	0.0208113249710102
GmISU01.19G076500.v2.1	0.996013381383877	8.50069222259052	16.5433995903982	0.000781457579739579	0.0208113249710102
GmISU01.10G022600.v2.1	1.45719507272741	5.6297054621965	16.5217687257181	0.000786000480886234	0.0208692597560607
GmISU01.13G217700.v2.1	-1.95786011021324	4.1085790628283	16.505378951345	0.000789462359202426	0.0208982303194276
GmISU01.05G040200.v2.1	-3.08811247246902	3.18954623730031	16.4690378646921	0.000797199498297453	0.0210398610104552
GmISU01.10G064500.v2.1	1.29630041018357	5.23596188862465	16.4109340327861	0.000809747163245322	0.0213072275940523
GmISU01.06G074300.v2.1	-3.36003274024389	3.12485237358205	16.3585680546273	0.00082124556521041	0.0214908807633454
GmISU01.01G120300.v2.1	2.19641522042269	6.00912421950665	16.3569552749328	0.000821602588456881	0.0214908807633454
GmISU01.03G046100.v2.1	-5.19504963019283	2.72949962522026	18.5171402494501	0.000824604338955077	0.0215055835736361
GmISU01.09G195000.v2.1	-1.47681958629622	10.4335762753553	16.2927511339327	0.000835957828364345	0.021737369489769
GmISU01.10G024800.v2.1	-0.967082305755846	5.66403954380107	16.2742488658469	0.000840146715653244	0.0217820391131863
GmISU01.20G083200.v2.1	1.21855049928159	7.91702677789162	16.1417346130712	0.000870844569884277	0.0225117152009675
GmISU01.17G199200.v2.1	5.15055938164926	3.02027126622446	17.5472025309551	0.000879061873447867	0.022657691270301
GmISU01.18G178900.v2.1	1.58495300126905	5.10372459585723	16.0932871527121	0.000882379953166174	0.02267690754274
GmISU01.01G119400.v2.1	1.44943883540855	5.47057742018668	16.0627259144035	0.000889744656787584	0.0227997068301818
GmISU01.08G067800.v2.1	-1.01171678845211	7.49179737093902	16.0329128899717	0.000896995496457432	0.0229013528927269
GmISU01.15G115000.v2.1	1.46994047563688	4.59337377975467	16.0250970586301	0.000898907328517698	0.0229013528927269
GmISU01.03G177200.v2.1	1.31761102609867	6.44032220427767	15.9893734694854	0.000907704021620607	0.023058821183244
GmISU01.06G098500.v2.1	1.73041349568094	4.56039526037573	15.9569501431406	0.000915771637234892	0.0231969166155907
GmISU01.13G318700.v2.1	-1.87578733141008	4.35948611929979	15.9142973631231	0.00092650723068987	0.0234016081333272
GmISU01.18G199800.v2.1	-1.25180222470019	5.67962338131238	15.8774142345699	0.000935904431154393	0.0235714216017885
GmISU01.15G036700.v2.1	-1.1002210538513	7.20574195935	15.8289250030372	0.000948421627547842	0.0237837767769952
GmISU01.06G203400.v2.1	1.25580738975662	5.28160815983025	15.8200922469584	0.000950721894115325	0.0237837767769952
GmISU01.04G085300.v2.1	-1.36109813638368	5.18056640237448	15.8135476077301	0.000952430312226806	0.0237837767769952
GmISU01.04G157100.v2.1	-1.12595641860867	7.40682668403892	15.7580110800241	0.000967066911893202	0.0239272007284445
GmISU01.11G028000.v2.1	-1.18024112186419	5.34268136266101	15.7473355458109	0.000969909234757047	0.0239272007284445
GmISU01.13G081800.v2.1	5.24973960932339	3.07022749709294	17.1295416728746	0.000970137445457904	0.0239272007284445
GmISU01.20G102500.v2.1	-1.29046498819209	7.85563553126954	15.7375455557418	0.000972524017756836	0.0239272007284445
GmISU01.15G156100.v2.1	-5.62041045163699	3.85606917645725	15.7357853615513	0.000972994980992279	0.0239272007284445
GmISU01.13G311700.v2.1	-1.32405883148937	4.9567001975749	15.7303159805975	0.000974460018322357	0.0239272007284445
GmISU01.11G034100.v2.1	-2.50833562023587	3.48305313117275	15.7048983886748	0.000981300941956761	0.0239772910630612
GmISU01.15G022400.v2.1	-0.942607874467585	7.16431886439443	15.7025336964515	0.000981940110466828	0.0239772910630612
GmISU01.05G018800.v2.1	1.05518908070626	6.14725115954748	15.6763177436612	0.000989057549225845	0.0240514508424099
GmISU01.10G057400.v2.1	-1.39530321822607	4.7825613581722	15.6712718178564	0.000990434107293794	0.0240514508424099
GmISU01.09G073000.v2.1	2.4035823314587	4.23707535109418	15.5791767816955	0.00101593931403695	0.0246030358605378
GmISU01.09G047000.v2.1	-1.21683709095985	5.50530828082864	15.5547118407866	0.00102283793753689	0.0247022367654457
GmISU01.08G265400.v2.1	1.99020708883318	6.9860086317519	15.528813579646	0.00103019800297423	0.0248120092792838
GmISU01.10G076900.v2.1	3.16335140701127	6.37371213529058	15.4971579924278	0.00103927501046197	0.0249624229352105
GmISU01.08G097200.v2.1	1.90690764040142	4.54270319484615	15.4353616748208	0.0010572541772263	0.0253252597072006
GmISU01.06G157800.v2.1	0.973879610618708	6.79305736301959	15.3863559123542	0.00107176008586561	0.0256031576067896
GmISU01.01G157300.v2.1	0.988756031181042	6.96206051254491	15.3453349911925	0.00108407413213118	0.0258273337155036
GmISU01.11G064400.v2.1	1.78892792884505	5.55199448432738	15.3173436330481	0.0010925678784747	0.0258971912998649
GmISU01.15G103600.v2.1	1.87048698600141	4.23302290162104	15.3163129959764	0.00109288203783888	0.0258971912998649
GmISU01.11G063300.v2.1	-1.34433386701272	5.31057964466116	15.3054947422862	0.00109618578200903	0.0259052026129226
GmISU01.16G126100.v2.1	1.25202564524156	6.06600740315111	15.2959899714991	0.00109909764914726	0.0259052026129226
GmISU01.05G174800.v2.1	0.957097500366936	7.01418633789109	15.2628365346283	0.00110932257444527	0.0260764759832934
GmISU01.07G152100.v2.1	-5.13808754837598	2.69228321909635	17.1681305138656	0.00111349975572809	0.0261050541136785
GmISU01.04G035000.v2.1	-0.860723683812587	6.56108650447052	15.236751599509	0.0011174424764006	0.0261279984866613
GmISU01.05G041900.v2.1	-0.971016590661735	8.64381237721074	15.2212159433854	0.00112231017699033	0.0261723920903962
GmISU01.11G147900.v2.1	1.64510498474848	5.79495180795716	15.1783822030498	0.00113585462854719	0.0263658045153665
GmISU01.01G141200.v2.1	0.891164181056533	8.64036773917831	15.1694889168065	0.00113868969266484	0.0263658045153665
GmISU01.03G118500.v2.1	0.913917330844991	10.2562256894232	15.1667105365132	0.00113957703010262	0.0263658045153665
GmISU01.07G042200.v2.1	-0.871382878880554	6.77875955120354	15.1524438496519	0.00114414564259129	0.0264022090037756
GmISU01.06G069100.v2.1	3.24395538185891	3.46961998216077	15.1398511039762	0.00114819527833954	0.0264264787952037
GmISU01.07G051700.v2.1	1.01282048656196	5.58609178893165	15.1145001558159	0.00115639659538195	0.0265459270528434
GmISU01.17G009600.v2.1	-1.47148339479805	5.11429104323097	15.02821424325	0.00118480726882121	0.0271274703237895
GmISU01.12G086600.v2.1	4.98883070618415	2.92707899634025	16.2582309870148	0.00119719264046572	0.0273400340044178
GmISU01.15G105900.v2.1	-0.80755159768257	6.92638051535634	14.9586714825823	0.00120827524179771	0.027521824952059
GmISU01.08G225000.v2.1	1.39841675404429	5.19734807796899	14.8913119551468	0.00123150449310742	0.0279678385837391
GmISU01.15G203600.v2.1	-2.61275916762284	3.85670681134155	14.875645056633	0.0012369788134711	0.0279678385837391
GmISU01.06G244000.v2.1	1.22187169358711	5.95518835300817	14.8745153912667	0.00123737459417564	0.0279678385837391
GmISU01.16G092400.v2.1	-1.58160122946579	5.30058508990827	14.8645174009557	0.00124088360857705	0.0279754194619097
GmISU01.09G134700.v2.1	1.92261112102611	8.4786313574094	14.8453211535174	0.00124765228041916	0.028056262377283
GmISU01.13G216900.v2.1	5.09991216617277	2.99048772385275	16.0681588309564	0.00125447603123111	0.0281379293010235
GmISU01.18G211600.v2.1	2.16752602686015	4.42597861138784	14.771399726627	0.00127410674561488	0.0284232568828011
GmISU01.15G148900.v2.1	1.34656256615666	6.03426660734952	14.7665830302756	0.00127585221833094	0.0284232568828011
GmISU01.10G020100.v2.1	1.64587512990731	6.08670427348821	14.7637776227974	0.00127687007664087	0.0284232568828011
GmISU01.01G024500.v2.1	-1.40436475627183	10.4166537701439	14.7397633453232	0.00128562029957566	0.0285459519918373
GmISU01.13G259100.v2.1	-1.09906041267237	5.6506089000698	14.679875978845	0.0013077362789204	0.0289640585394054
GmISU01.18G037200.v2.1	-1.16676052291876	6.3117597058714	14.6647426079105	0.00131339224368361	0.0290164226267444
GmISU01.15G107000.v2.1	1.25442647891801	5.83949176686367	14.6062400734013	0.00133551655725574	0.0294314461305234
GmISU01.18G197700.v2.1	-1.37456801483781	5.8435455587026	14.5278666968063	0.00136581355621812	0.0300240561048947
GmISU01.20G142400.v2.1	-1.43694215812199	8.07046891180063	14.5120998531818	0.00137200129160761	0.0300597610420722
GmISU01.15G015900.v2.1	0.928823072475799	6.46024269051954	14.5063695831105	0.0013742579353324	0.0300597610420722
GmISU01.06G041300.v2.1	-1.28378254692926	5.2644217793968	14.4776162612248	0.00138564435424086	0.0302239807369244
GmISU01.04G141000.v2.1	2.1288988479027	4.18267457748805	14.4670343172551	0.00138986145026339	0.0302239807369244
GmISU01.17G086700.v2.1	1.61953930767527	4.40267219699819	14.4615524061309	0.00139205175033367	0.0302239807369244
GmISU01.09G217900.v2.1	-3.0075248406182	3.49662188620832	14.4521953190043	0.00139579932923051	0.0302308871920564
GmISU01.06G027200.v2.1	-0.907502521040737	6.23406590264669	14.4366387215582	0.00140205492977955	0.0302919465833498
GmISU01.15G055000.v2.1	3.18440903150747	4.06293967701956	14.4249204786473	0.0014067878240519	0.030319889166302
GmISU01.07G130600.v2.1	3.00443041527096	3.31091525449164	14.4025290991764	0.00141588142753414	0.030441450691984
GmISU01.18G020400.v2.1	-1.21906830485762	4.84848152632256	14.3887545182638	0.00142150832080159	0.030488067756365
GmISU01.18G014900.v2.1	1.28502417543298	5.6694395735379	14.3714092087485	0.00142862956449347	0.0305664310946843
GmISU01.13G219400.v2.1	-0.995327069761245	6.27242114422245	14.3318286217334	0.00144503000742379	0.0308424685603891
GmISU01.04G058600.v2.1	-2.38691455681089	4.14939614654482	14.2656682061834	0.00147291770281627	0.0313617621988536
GmISU01.18G010200.v2.1	1.10676725559888	5.21397640860678	14.2449635149611	0.00148176872106636	0.0314741958462649
GmISU01.01G039200.v2.1	-0.983280374832732	6.39011632116999	14.2327842263516	0.00148700309210475	0.0315094525406331
GmISU01.12G015900.v2.1	3.9772965792728	3.41603232355852	14.1992902436202	0.00150150530262735	0.0317404538193287
GmISU01.05G117400.v2.1	-1.0672043102406	5.73762445877215	14.1879520811751	0.00150645038996258	0.0317688042763639
GmISU01.08G178400.v2.1	1.90384898358148	4.90409906591496	14.1379579514954	0.00152847411141223	0.0321563228928373
GmISU01.03G109300.v2.1	1.65822048296183	5.17892941295096	14.1261653582234	0.00153372156128549	0.0321898941969801
GmISU01.13G092200.v2.1	-1.36464812955417	5.043100450008	14.1091707467613	0.00154131938690715	0.0321995636692943
GmISU01.19G134600.v2.1	0.896281471527132	6.36749434081115	14.1087948797546	0.00154148790339673	0.0321995636692943
GmISU01.09G018000.v2.1	-1.0388208125506	5.95340812696362	14.0760140543389	0.00155626471300753	0.0324313793029819
GmISU01.17G024100.v2.1	1.29390905723554	5.43269365732757	14.0606775008963	0.00156323258311201	0.0324997528776707
GmISU01.06G126400.v2.1	-1.21957420337848	8.32190588166512	14.0448392289517	0.00157046516107386	0.0325732950467436
GmISU01.06G111900.v2.1	-1.26614546924984	5.48060820014362	14.0260688807646	0.00157908533674966	0.0326752047968268
GmISU01.09G152700.v2.1	2.15894151670879	4.20932057824902	14.0165233771591	0.00158348940951928	0.0326895998709893
GmISU01.10G043400.v2.1	-2.41083642734069	3.82051837728317	14.0039994220668	0.00158928858809611	0.0327326609908112
GmISU01.14G038300.v2.1	-0.982738437984366	6.04135561532994	13.9785869434708	0.00160112913917078	0.032883515352412
GmISU01.13G078700.v2.1	-1.54832625491657	4.50075123334856	13.9702968214532	0.00160501317992937	0.032883515352412
GmISU01.17G026100.v2.1	1.00760466286081	5.80977405087573	13.9643532733678	0.00160780432409411	0.032883515352412
GmISU01.08G152400.v2.1	2.26620727854227	4.14425186309817	13.9521178408116	0.00161356735739455	0.0329249913320207
GmISU01.05G103200.v2.1	-1.91655267091326	3.91866440050166	13.9423325728579	0.00161819301763614	0.0329431211327081
GmISU01.06G246800.v2.1	-1.20917733692858	5.60871411035844	13.8980465164135	0.00163931468368261	0.0332630609345537
GmISU01.13G185700.v2.1	0.991507110158154	6.17514923253103	13.89359331159	0.00164145564452988	0.0332630609345537
GmISU01.09G124400.v2.1	-3.16793899002105	3.00962216083471	13.867323020465	0.0016541496035826	0.033387985029531
GmISU01.09G161600.v2.1	1.38600952702067	4.9724660815019	13.8651683573711	0.00165519562766932	0.033387985029531
GmISU01.11G091400.v2.1	-1.31965010132529	6.33562399711995	13.8454033731783	0.00166482564332881	0.0335055663149394
GmISU01.19G071700.v2.1	-0.992480810158556	8.00909984146401	13.8236147243669	0.00167551456831602	0.0335800286319259
GmISU01.16G043500.v2.1	2.50321684831875	4.56956049737004	13.818612761083	0.00167797925219507	0.0335800286319259
GmISU01.08G010300.v2.1	-0.953997512322503	6.4627708301121	13.8146114789077	0.00167995378635046	0.0335800286319259
GmISU01.13G268200.v2.1	-1.89040083661582	6.67150203791708	13.7947874676817	0.00168977498710216	0.033699924233723
GmISU01.12G124800.v2.1	-2.44828876409667	3.3148048011867	13.7564412659583	0.00170895584396224	0.0340055209131539
GmISU01.13G220300.v2.1	2.04048976022107	4.46613225943512	13.6894577719683	0.00174305020404569	0.0346058278123035
GmISU01.13G227900.v2.1	2.36900841943873	3.91194091702016	13.6780390634082	0.00174893810855565	0.0346446953413889
GmISU01.15G057700.v2.1	4.8042995610679	2.82572373441723	14.734396919714	0.00175756126431266	0.0346665126228397
GmISU01.17G145000.v2.1	-1.43467293686509	4.74955377509487	13.660732057921	0.00175790483748263	0.0346665126228397
GmISU01.05G064200.v2.1	2.26383607945765	4.00134321754432	13.6396146066038	0.00176891571235073	0.0347899849470167
GmISU01.17G112600.v2.1	-0.903057632957134	6.22121777081819	13.6272968441841	0.00177537406249726	0.0347899849470167
GmISU01.11G063100.v2.1	-0.962729252694581	5.88491526916963	13.6260942034734	0.00177600603813472	0.0347899849470167
GmISU01.08G089200.v2.1	0.845238486483021	7.87960373340761	13.5837441701813	0.00179842237112233	0.035130058906168
GmISU01.15G086900.v2.1	-1.57838705090751	4.91821361199615	13.5756995927357	0.00180271624635278	0.035130058906168
GmISU01.13G207200.v2.1	-1.23757345839237	5.00852911903872	13.5708275007811	0.00180532236919956	0.035130058906168
GmISU01.18G066800.v2.1	2.75697294954745	3.50227875096778	13.5599281932314	0.0018111678254778	0.0351661770519533
GmISU01.18G138000.v2.1	1.43943711713748	4.50726434241573	13.5102594080266	0.00183807629486615	0.0355772678057004
GmISU01.14G028500.v2.1	-1.05491181379696	7.75434514413334	13.5039225974534	0.00184154147529471	0.0355772678057004
GmISU01.20G065800.v2.1	1.38465816125254	5.04328364006608	13.4961233344867	0.00184581644388558	0.0355772678057004
GmISU01.13G231100.v2.1	-1.15322566667851	5.36736938186285	13.4870113808571	0.00185082504590642	0.0355772678057004
GmISU01.15G062500.v2.1	1.3529306970652	5.22106466375575	13.4839336466051	0.00185252024081866	0.0355772678057004
GmISU01.07G017500.v2.1	-0.859085599699756	7.91869332989067	13.4752495117765	0.00185731280643744	0.0355917660624914
GmISU01.12G133100.v2.1	-0.868794406933124	6.84786456929428	13.4480060583299	0.00187243836394431	0.0358030449147995
GmISU01.14G034800.v2.1	-3.02272045006777	3.15909732950344	13.4408016268344	0.00187646134437179	0.0358030449147995
GmISU01.19G113000.v2.1	5.03440559965837	2.95485911528167	14.4560485280369	0.00188973704251172	0.0359784709065676
GmISU01.10G185200.v2.1	1.6563710587671	4.18514356770844	13.4069976728047	0.00189546761870441	0.0360097996958608
GmISU01.05G041300.v2.1	-0.786999739141639	6.60590816589582	13.3835838633261	0.00190875869999808	0.0361843181515765
GmISU01.04G086900.v2.1	2.57953892911052	3.38690571221926	13.3678928703146	0.00191772438952522	0.0362762671537872
GmISU01.19G024400.v2.1	1.61256451882434	5.15152757166298	13.3057027764493	0.0019537272003589	0.0368781697455327
GmISU01.20G092000.v2.1	4.80780918773666	2.82683457106902	14.2904483953823	0.00197376676651394	0.0371615493314908
GmISU01.04G008000.v2.1	0.904224471235486	5.91971608946776	13.265893556616	0.00197717148456826	0.0371615493314908
GmISU01.08G047500.v2.1	2.59565316169415	3.65386429789054	13.2530291087561	0.00198481495531354	0.0371861567300056
GmISU01.06G113300.v2.1	1.03272271700672	6.17707034362712	13.2442053252258	0.0019900768260879	0.0371861567300056
GmISU01.05G033500.v2.1	-0.994904036428758	6.3414347262088	13.2356882429609	0.00199517065997192	0.0371861567300056
GmISU01.09G178000.v2.1	-2.7278003491199	3.31260804811046	13.2353808924185	0.00199535475136616	0.0371861567300056
GmISU01.16G107900.v2.1	-4.77823710269858	2.53674020069382	14.6498122036149	0.0020313373615136	0.0377768751935494
GmISU01.15G122100.v2.1	1.68645803701934	4.73937316103832	13.159290731489	0.0020415222328924	0.0378495026585467
GmISU01.18G068500.v2.1	-3.01108511309063	2.93973519813074	13.155537715434	0.00204383020595215	0.0378495026585467
GmISU01.05G042601.v2.1	1.3213269123374	5.3244269530888	13.1284754520553	0.00206055953406179	0.038037953249492
GmISU01.12G135300.v2.1	-1.03411832252749	5.93138475522643	13.1251326970408	0.0020626366027518	0.038037953249492
GmISU01.06G013200.v2.1	-2.23784132971711	3.62876186856893	13.086291133506	0.00208694450627115	0.0384058785444263
GmISU01.18G201200.v2.1	-0.903364166413811	5.72302400678451	13.0553326566579	0.0021065494531976	0.038685902979035
GmISU01.02G099500.v2.1	-1.26653612197015	4.60895788574542	13.0427510379919	0.00211457599161254	0.0387525724866207
GmISU01.10G004500.v2.1	-1.29550125095201	4.60799399728238	13.0322808598847	0.00212128170508363	0.0387948096064569
GmISU01.20G152200.v2.1	1.2021988409348	5.12224939944776	12.9876457046415	0.00215013779341579	0.0392411276375988
GmISU01.19G103400.v2.1	3.10861095486071	3.3781140000825	12.967525547254	0.00216328914919156	0.0393296295695195
GmISU01.06G108000.v2.1	-1.02670443089561	6.7606859193227	12.9607938958494	0.00216770937822953	0.0393296295695195
GmISU01.08G112600.v2.1	-1.25494249491341	4.70445079205449	12.9560758736581	0.0021708134355299	0.0393296295695195
GmISU01.03G069000.v2.1	1.31186900850403	4.7616631216727	12.9530091418497	0.00217283376067567	0.0393296295695195
GmISU01.01G115500.v2.1	1.20493506607109	5.85403413651179	12.9236462339199	0.00219228493853463	0.0394577620030645
GmISU01.01G157800.v2.1	-2.40283112088594	3.28175675895528	12.9221467121821	0.00219328351746805	0.0394577620030645
GmISU01.16G161850.v2.1	-1.05580022456826	6.16649943905864	12.9220599964937	0.00219334127980733	0.0394577620030645
GmISU01.17G157500.v2.1	-4.64439442195545	2.48315691341505	14.3262877645263	0.00220379117083844	0.0395162078955383
GmISU01.04G062100.v2.1	4.84130193690613	2.85088050615463	13.8725466938781	0.00220555578951842	0.0395162078955383
GmISU01.17G071200.v2.1	1.48860338096538	4.31949853993081	12.8610172062002	0.00223442973917961	0.0399523289064264
GmISU01.20G135300.v2.1	2.32237713287526	5.92791427251622	12.8218381516266	0.00226125673998677	0.0403501582246626
GmISU01.13G038900.v2.1	-0.962250469372028	5.85064355730323	12.8071224267633	0.00227142630449302	0.040449743180012
GmISU01.05G028200.v2.1	0.785353647018402	6.93093679641833	12.7937611953307	0.00228070432872337	0.0405330819711623
GmISU01.08G088800.v2.1	2.43213224457192	3.5566075567263	12.763789791173	0.00230167166070708	0.0408234118493619
GmISU01.09G157600.v2.1	-0.824574763200987	8.27062662926888	12.6749673754057	0.00236509238935367	0.0418118051242672
GmISU01.15G024700.v2.1	-0.757749560427433	8.14014211173824	12.6724958664549	0.00236688494123759	0.0418118051242672
GmISU01.05G135700.v2.1	1.64080736517458	4.08292846066301	12.5722163654653	0.0024409197017772	0.043033414342332
GmISU01.10G039000.v2.1	-0.814567345298528	8.26848843620522	12.5409956498439	0.00246449778321407	0.0433623711757126
GmISU01.15G131600.v2.1	-2.32320923768312	3.11931764255162	12.5131836174002	0.00248571723247491	0.0435893792574259
GmISU01.18G188600.v2.1	2.9425481733391	4.12285346175105	12.5111333680728	0.00248728959347535	0.0435893792574259
GmISU01.08G034900.v2.1	-2.63766003123223	3.44143826887252	12.4690853743415	0.0025197844279736	0.0440712296281494
GmISU01.12G111800.v2.1	1.70495568763046	4.2179352269625	12.4617662203611	0.00252548928741723	0.0440835407298671
GmISU01.07G032000.v2.1	1.87709787735624	6.63666977169738	12.4411168722311	0.00254166263669046	0.0442781741945185
GmISU01.01G028400.v2.1	2.32364176509053	4.04072218185988	12.425087562432	0.00255429763297438	0.0444105199894855
GmISU01.13G205200.v2.1	-1.60116065370975	3.79715800344499	12.4111207796238	0.00256536440457151	0.0445151323352319
GmISU01.17G185700.v2.1	-1.56007075172952	4.12189450490396	12.3945151403532	0.00257859226672527	0.0446567599826783
GmISU01.02G005900.v2.1	-3.61352411822284	2.63005736269656	12.3867345722756	0.00258481652857133	0.0446767798026593
GmISU01.10G047500.v2.1	4.65063033999629	2.74814240258497	13.2373164220648	0.00262031378548899	0.0452016947535918
GmISU01.08G257100.v2.1	-1.29123132035906	9.5939845227977	12.310872784713	0.00264639680156981	0.0455624761832771
GmISU01.20G150000.v2.1	-2.32096842253905	4.2019344755945	12.284608606782	0.00266809933896124	0.045730892747869
GmISU01.13G069900.v2.1	-2.798224223765	3.22944428652423	12.2826866277538	0.00266969533844704	0.045730892747869
GmISU01.10G017100.v2.1	0.819832872305564	7.0140212492438	12.2802232777009	0.00267174245775979	0.045730892747869
GmISU01.02G178800.v2.1	-1.05075412783932	5.26796913567895	12.2298137810388	0.00271402409422229	0.0462922271044665
GmISU01.17G133950.v2.1	3.35093828034033	3.0298930161192	12.2243335540152	0.00271866584319182	0.0462922271044665
GmISU01.08G184100.v2.1	-1.07131683984864	9.21011836058488	12.2224161827132	0.00272029196144227	0.0462922271044665
GmISU01.13G133100.v2.1	0.911329217943514	5.83702077618026	12.201865603762	0.00273778966438541	0.0464260505974675
GmISU01.06G016200.v2.1	-1.79004018216538	3.84827692779613	12.1909173948794	0.0027471630819418	0.0464260505974675
GmISU01.03G098150.v2.1	3.33563536704254	3.03285068904668	12.1895129240744	0.00274836814115693	0.0464260505974675
GmISU01.08G287200.v2.1	-3.13862235875553	3.00121509088205	12.1857291917309	0.0027516176029611	0.0464260505974675
GmISU01.01G107700.v2.1	1.13483896991367	5.45055111565221	12.1762751479591	0.00275975560301858	0.0464260505974675
GmISU01.10G061400.v2.1	-1.12058069543988	8.68466389731345	12.1762745068886	0.00275975615576551	0.0464260505974675
GmISU01.12G148800.v2.1	1.38448326037007	4.41123392241757	12.1454200370372	0.00278650432078619	0.0467867344528195
GmISU01.10G027100.v2.1	1.25124077864643	5.73142534522285	12.129493290616	0.00280042535351918	0.0468499431509762
GmISU01.18G156700.v2.1	1.03241303266848	5.40967468940656	12.1289535691174	0.00280089847312132	0.0468499431509762
GmISU01.11G061500.v2.1	1.05195156330103	6.45529405414146	12.1039162221669	0.00282294525016033	0.0471292848109154
GmISU01.09G013800.v2.1	0.900099671267123	7.84757493411465	12.0769360763489	0.00284692134268645	0.0472165096408061
GmISU01.17G204800.v2.1	-1.26572509632624	4.4481750812459	12.0764397880276	0.00284736451105351	0.0472165096408061
GmISU01.14G054300.v2.1	1.43688575746198	4.50355941007901	12.0743325971752	0.0028492470234713	0.0472165096408061
GmISU01.05G138700.v2.1	1.11124101090495	5.45886281325097	12.0700792025428	0.00285305116415751	0.0472165096408061
GmISU01.07G038000.v2.1	0.902586258341542	6.35015647364619	12.0589201130744	0.00286305876425274	0.0472165096408061
GmISU01.09G147900.v2.1	-1.6062611931296	3.80460097671477	12.056345157336	0.00286537361225943	0.0472165096408061
GmISU01.16G110900.v2.1	-0.915315917760546	5.8407207877557	12.0560217379769	0.00286566451024745	0.0472165096408061
GmISU01.05G093900.v2.1	-1.02461087962541	6.90825833611285	12.0178866734626	0.00290019874961069	0.0476963656302579
GmISU01.06G010500.v2.1	-0.885289242798637	6.38443472214789	11.9978116790326	0.00291856595655091	0.0477689687588238
GmISU01.03G092500.v2.1	1.40543456794407	4.27439693997549	11.9862890677648	0.0029291673691703	0.0477689687588238
GmISU01.10G110400.v2.1	-1.91686879032393	3.62245165275115	11.9840379887299	0.00293124353083169	0.0477689687588238
GmISU01.01G001700.v2.1	-1.33106606727968	4.83846500090309	11.9837900826847	0.0029314722747202	0.0477689687588238
GmISU01.18G154000.v2.1	-1.21171548660888	5.41165960640693	11.983533885923	0.00293170868956593	0.0477689687588238
GmISU01.14G041800.v2.1	1.55376320273509	4.69872039697201	11.9649176090689	0.00294894502406293	0.0479272649464971
GmISU01.02G114900.v2.1	4.73618438327123	2.78953321269131	12.8068791893962	0.00295229777265433	0.0479272649464971
GmISU01.18G091800.v2.1	4.74291781039704	2.79198225686237	12.7524038711185	0.00299765767644711	0.0485085806058529
GmISU01.02G185400.v2.1	2.8862389005778	3.24411272860789	11.9094524468513	0.003000977773168	0.0485085806058529
GmISU01.19G106650.v2.1	-0.901465211355572	6.69278469072739	11.905615321618	0.003004615429472	0.0485085806058529
GmISU01.08G137500.v2.1	1.15835395898303	5.06432247836885	11.881917587838	0.00302719139033756	0.0487837150015092
GmISU01.02G091900.v2.1	-1.59114397857582	4.00591054586202	11.8595471079444	0.00304867800910847	0.0490403223545459
GmISU01.04G050200.v2.1	1.20151483824463	5.38872046522387	11.8512411772867	0.00305669936998858	0.049079790430691
GmISU01.04G057600.v2.1	1.05955059576883	5.07887408160919	11.8412010350613	0.00306642721473527	0.0491464652688935
GmISU01.20G114100.v2.1	-0.834056387522154	7.18873766905317	11.8314583491654	0.00307590013616285	0.0492088197827142
GmISU01.11G022500.v2.1	1.08808477705087	5.48050259081489	11.8120022744483	0.00309491609752366	0.0494069622483149
GmISU01.08G282900.v2.1	-0.822505236739197	8.33841484914742	11.80326090316	0.0031035027288917	0.0494069622483149
GmISU01.15G170300.v2.1	-1.16030562113171	5.32540332702095	11.8002167892085	0.00310649924015582	0.0494069622483149
GmISU01.12G060400.v2.1	-0.944656780814172	9.95116927336382	11.795949840299	0.00311070494019453	0.0494069622483149
GmISU01.15G152200.v2.1	1.35337124327469	4.83307994522031	11.7716453481098	0.00313478296629088	0.0496317964940641
GmISU01.13G047700.v2.1	1.5718710366661	17.1193689704068	11.7703004301186	0.00313612145742413	0.0496317964940641
GmISU01.14G001000.v2.1	1.03125501658098	5.9313364656954	11.7479832544886	0.00315842603732401	0.0498952070233174
